wl	n
0.245202	1.168773
0.246793	1.176486
0.248384	1.184909
0.249976	1.195191
0.251567	1.208012
0.253159	1.222298
0.254751	1.236561
0.256342	1.250863
0.257934	1.266081
0.259526	1.280422
0.261118	1.295747
0.262710	1.314122
0.264302	1.332088
0.265894	1.349186
0.267486	1.365779
0.269078	1.381617
0.270671	1.397479
0.272263	1.414073
0.273856	1.430565
0.275448	1.446650
0.277041	1.462390
0.278633	1.477705
0.280226	1.493032
0.281819	1.507621
0.283412	1.521520
0.285004	1.534962
0.286597	1.548117
0.288190	1.561090
0.289783	1.573846
0.291377	1.585484
0.292970	1.597032
0.294563	1.609048
0.296156	1.622041
0.297750	1.638017
0.299343	1.652347
0.300936	1.664638
0.302530	1.674244
0.304124	1.676124
0.305717	1.670761
0.307311	1.656782
0.308905	1.632069
0.310498	1.601690
0.312092	1.564974
0.313686	1.521603
0.315280	1.473780
0.316874	1.416480
0.318468	1.328991
0.320062	1.204332
0.321656	1.058416
0.323250	0.908725
0.324844	0.769420
0.326439	0.640105
0.328033	0.508378
0.329627	0.381485
0.331222	0.287389
0.332816	0.230957
0.334411	0.197050
0.336005	0.174356
0.337600	0.157490
0.339194	0.144728
0.340789	0.136119
0.342384	0.129949
0.343978	0.124166
0.345573	0.119236
0.347168	0.115660
0.348763	0.112847
0.350358	0.110334
0.351952	0.108068
0.353547	0.106046
0.355142	0.104260
0.356737	0.102673
0.358332	0.101240
0.359928	0.099932
0.361523	0.098726
0.363118	0.097604
0.364713	0.096552
0.366308	0.095557
0.367903	0.094617
0.369499	0.093738
0.371094	0.092924
0.372689	0.092181
0.374285	0.091512
0.375880	0.090922
0.377476	0.090413
0.379071	0.089990
0.380667	0.089654
0.382262	0.089405
0.383858	0.089242
0.385453	0.089159
0.387049	0.089149
0.388644	0.089206
0.390240	0.089324
0.391836	0.089498
0.393431	0.089722
0.395027	0.089992
0.396623	0.090303
0.398219	0.090652
0.399814	0.091033
0.401410	0.091443
0.403006	0.091879
0.404602	0.092337
0.406198	0.092814
0.407793	0.093306
0.409389	0.093810
0.410985	0.094324
0.412581	0.094848
0.414177	0.095378
0.415773	0.095916
0.417369	0.096460
0.418965	0.097008
0.420561	0.097560
0.422157	0.098116
0.423753	0.098674
0.425349	0.099233
0.426945	0.099793
0.428541	0.100354
0.430137	0.100913
0.431733	0.101470
0.433329	0.102027
0.434925	0.102581
0.436521	0.103134
0.438117	0.103684
0.439713	0.104232
0.441310	0.104778
0.442906	0.105321
0.444502	0.105862
0.446098	0.106400
0.447694	0.106935
0.449290	0.107467
0.450886	0.107995
0.452482	0.108521
0.454079	0.109043
0.455675	0.109561
0.457271	0.110076
0.458867	0.110588
0.460463	0.111095
0.462059	0.111599
0.463655	0.112098
0.465251	0.112594
0.466848	0.113085
0.468444	0.113572
0.470040	0.114055
0.471636	0.114533
0.473232	0.115008
0.474828	0.115478
0.476424	0.115943
0.478020	0.116405
0.479616	0.116863
0.481212	0.117318
0.482809	0.117768
0.484405	0.118215
0.486001	0.118658
0.487597	0.119098
0.489193	0.119534
0.490789	0.119967
0.492385	0.120397
0.493981	0.120824
0.495577	0.121247
0.497173	0.121668
0.498769	0.122085
0.500365	0.122500
0.501960	0.122911
0.503556	0.123320
0.505152	0.123727
0.506748	0.124130
0.508344	0.124531
0.509940	0.124930
0.511536	0.125326
0.513131	0.125719
0.514727	0.126111
0.516323	0.126500
0.517919	0.126886
0.519515	0.127271
0.521110	0.127654
0.522706	0.128034
0.524302	0.128412
0.525897	0.128789
0.527493	0.129163
0.529088	0.129536
0.530684	0.129907
0.532279	0.130276
0.533875	0.130643
0.535470	0.131008
0.537066	0.131372
0.538661	0.131735
0.540257	0.132095
0.541852	0.132454
0.543447	0.132812
0.545043	0.133168
0.546638	0.133522
0.548233	0.133876
0.549829	0.134227
0.551424	0.134578
0.553019	0.134927
0.554614	0.135274
0.556209	0.135621
0.557804	0.135966
0.559399	0.136310
0.560994	0.136653
0.562589	0.136994
0.564184	0.137334
0.565779	0.137674
0.567374	0.138012
0.568969	0.138349
0.570563	0.138685
0.572158	0.139020
0.573753	0.139354
0.575347	0.139688
0.576942	0.140020
0.578536	0.140351
0.580131	0.140682
0.581725	0.141011
0.583320	0.141340
0.584914	0.141668
0.586509	0.141995
0.588103	0.142321
0.589697	0.142647
0.591291	0.142972
0.592886	0.143296
0.594480	0.143620
0.596074	0.143942
0.597668	0.144265
0.599262	0.144586
0.600856	0.144907
0.602449	0.145228
0.604043	0.145548
0.605637	0.145867
0.607231	0.146186
0.608824	0.146504
0.610418	0.146822
0.612012	0.147140
0.613605	0.147456
0.615199	0.147772
0.616792	0.148088
0.618385	0.148403
0.619979	0.148717
0.621572	0.149031
0.623165	0.149344
0.624758	0.149657
0.626351	0.149969
0.627944	0.150280
0.629537	0.150591
0.631130	0.150900
0.632723	0.151210
0.634316	0.151518
0.635908	0.151826
0.637501	0.152133
0.639093	0.152439
0.640686	0.152745
0.642278	0.153050
0.643871	0.153354
0.645463	0.153657
0.647055	0.153960
0.648648	0.154262
0.650240	0.154563
0.651832	0.154863
0.653424	0.155162
0.655016	0.155461
0.656608	0.155759
0.658199	0.156056
0.659791	0.156352
0.661383	0.156647
0.662974	0.156941
0.664566	0.157235
0.666157	0.157527
0.667748	0.157819
0.669340	0.158110
0.670931	0.158400
0.672522	0.158689
0.674113	0.158977
0.675704	0.159265
0.677295	0.159551
0.678886	0.159836
0.680477	0.160121
0.682067	0.160404
0.683658	0.160687
0.685248	0.160969
0.686839	0.161250
0.688429	0.161530
0.690020	0.161809
0.691610	0.162087
0.693200	0.162364
0.694790	0.162640
0.696380	0.162915
0.697970	0.163189
0.699560	0.163462
0.701149	0.163734
0.702739	0.164006
0.704328	0.164276
0.705918	0.164545
0.707507	0.164814
0.709096	0.165081
0.710686	0.165348
0.712275	0.165613
0.713864	0.165877
0.715453	0.166141
0.717042	0.166403
0.718630	0.166665
0.720219	0.166925
0.721807	0.167185
0.723396	0.167443
0.724984	0.167700
0.726573	0.167957
0.728161	0.168212
0.729749	0.168467
0.731337	0.168720
0.732925	0.168972
0.734513	0.169224
0.736100	0.169474
0.737688	0.169723
0.739276	0.169971
0.740863	0.170218
0.742450	0.170465
0.744038	0.170710
0.745625	0.170954
0.747212	0.171197
0.748799	0.171439
0.750385	0.171680
0.751972	0.171919
0.753559	0.172158
0.755145	0.172396
0.756732	0.172633
0.758318	0.172868
0.759904	0.173103
0.761490	0.173336
0.763076	0.173569
0.764662	0.173800
0.766248	0.174031
0.767834	0.174260
0.769419	0.174488
0.771005	0.174715
0.772590	0.174941
0.774175	0.175166
0.775760	0.175390
0.777345	0.175613
0.778930	0.175834
0.780515	0.176055
0.782100	0.176274
0.783684	0.176493
0.785269	0.176710
0.786853	0.176926
0.788437	0.177142
0.790022	0.177356
0.791606	0.177568
0.793190	0.177780
0.794773	0.177991
0.796357	0.178201
0.797940	0.178409
0.799524	0.178617
0.801107	0.178823
0.802690	0.179028
0.804273	0.179232
0.805856	0.179435
0.807439	0.179637
0.809022	0.179838
0.810604	0.180037
0.812187	0.180236
0.813769	0.180433
0.815351	0.180630
0.816933	0.180825
0.818515	0.181019
0.820097	0.181212
0.821679	0.181404
0.823261	0.181594
0.824842	0.181784
0.826423	0.181972
0.828004	0.182159
0.829586	0.182345
0.831167	0.182530
0.832747	0.182714
0.834328	0.182897
0.835908	0.183079
0.837489	0.183259
0.839069	0.183438
0.840649	0.183617
0.842229	0.183794
0.843809	0.183970
0.845389	0.184144
0.846969	0.184318
0.848548	0.184490
0.850127	0.184662
0.851707	0.184832
0.853286	0.185001
0.854865	0.185169
0.856443	0.185336
0.858022	0.185502
0.859601	0.185667
0.861179	0.185830
0.862757	0.185993
0.864335	0.186155
0.865913	0.186317
0.867491	0.186477
0.869069	0.186636
0.870646	0.186795
0.872224	0.186953
0.873801	0.187111
0.875378	0.187267
0.876955	0.187424
0.878532	0.187579
0.880108	0.187734
0.881685	0.187889
0.883261	0.188043
0.884837	0.188197
0.886413	0.188350
0.887989	0.188503
0.889565	0.188655
0.891141	0.188808
0.892716	0.188960
0.894292	0.189112
0.895867	0.189263
0.897442	0.189415
0.899017	0.189566
0.900591	0.189717
0.902166	0.189869
0.903740	0.190020
0.905314	0.190171
0.906888	0.190322
0.908462	0.190474
0.910036	0.190625
0.911610	0.190776
0.913183	0.190928
0.914756	0.191080
0.916330	0.191232
0.917903	0.191384
0.919475	0.191537
0.921048	0.191689
0.922621	0.191842
0.924193	0.191996
0.925765	0.192150
0.927337	0.192304
0.928909	0.192459
0.930480	0.192614
0.932052	0.192769
0.933623	0.192925
0.935195	0.193082
0.936766	0.193239
0.938336	0.193397
0.939907	0.193555
0.941478	0.193714
0.943048	0.193873
0.944618	0.194034
0.946188	0.194195
0.947758	0.194356
0.949328	0.194519
0.950897	0.194682
0.952466	0.194846
0.954036	0.195011
0.955604	0.195176
0.957173	0.195343
0.958742	0.195510
0.960310	0.195679
0.961879	0.195848
0.963447	0.196018
0.965015	0.196189
0.966582	0.196361
0.968150	0.196534
0.969717	0.196708
0.971285	0.196883
0.972852	0.197058
0.974418	0.197235
0.975985	0.197412
0.977552	0.197590
0.979118	0.197769
0.980684	0.197948
0.982250	0.198128
0.983816	0.198309
0.985381	0.198491
0.986947	0.198673
0.988512	0.198856
0.990077	0.199039
0.991642	0.199223
0.993206	0.199408
0.994771	0.199593
0.996335	0.199778
0.997899	0.199965
0.999463	0.200151
1.011663	0.201624
1.015086	0.202041
1.018509	0.202460
1.021931	0.202881
1.025352	0.203302
1.028773	0.203725
1.032194	0.204149
1.035614	0.204573
1.039034	0.204998
1.042454	0.205423
1.045873	0.205849
1.049292	0.206273
1.052711	0.206697
1.056129	0.207121
1.059547	0.207544
1.062964	0.207967
1.066382	0.208390
1.069799	0.208812
1.073215	0.209235
1.076632	0.209658
1.080048	0.210082
1.083464	0.210506
1.086879	0.210930
1.090295	0.211355
1.093710	0.211781
1.097125	0.212208
1.100539	0.212636
1.103954	0.213065
1.107368	0.213495
1.110782	0.213926
1.114196	0.214359
1.117609	0.214793
1.121023	0.215228
1.124436	0.215666
1.127849	0.216105
1.131262	0.216546
1.134675	0.216988
1.138088	0.217433
1.141500	0.217880
1.144913	0.218328
1.148325	0.218779
1.151738	0.219232
1.155150	0.219688
1.158562	0.220145
1.161974	0.220605
1.165386	0.221067
1.168798	0.221530
1.172210	0.221995
1.175622	0.222462
1.179034	0.222931
1.182446	0.223401
1.185858	0.223873
1.189270	0.224346
1.192682	0.224821
1.196093	0.225297
1.199505	0.225774
1.202917	0.226252
1.206329	0.226732
1.209742	0.227212
1.213154	0.227694
1.216566	0.228176
1.219978	0.228659
1.223391	0.229143
1.226803	0.229628
1.230216	0.230113
1.233629	0.230599
1.237041	0.231085
1.240454	0.231572
1.243867	0.232059
1.247281	0.232547
1.250694	0.233035
1.254108	0.233524
1.257522	0.234013
1.260936	0.234503
1.264350	0.234994
1.267764	0.235486
1.271179	0.235979
1.274594	0.236474
1.278009	0.236970
1.281424	0.237467
1.284840	0.237967
1.288255	0.238468
1.291671	0.238971
1.295088	0.239476
1.298504	0.239984
1.301921	0.240494
1.305338	0.241007
1.308756	0.241522
1.312174	0.242040
1.315592	0.242560
1.319010	0.243084
1.322429	0.243611
1.325849	0.244141
1.329268	0.244674
1.332688	0.245211
1.336108	0.245751
1.339529	0.246295
1.342950	0.246843
1.346372	0.247394
1.349794	0.247950
1.353216	0.248509
1.356639	0.249072
1.360062	0.249640
1.363486	0.250212
1.366910	0.250788
1.370334	0.251369
1.373759	0.251955
1.377185	0.252545
1.380611	0.253140
1.384038	0.253740
1.387465	0.254344
1.390892	0.254954
1.394320	0.255569
1.397749	0.256189
1.401178	0.256815
1.404608	0.257446
1.408038	0.258082
1.411469	0.258724
1.414900	0.259371
1.418332	0.260025
1.421765	0.260684
1.425198	0.261349
1.428632	0.262020
1.432067	0.262697
1.435502	0.263380
1.438938	0.264070
1.442374	0.264765
1.445811	0.265468
1.449249	0.266176

wl	k
0.245202	1.331022
0.246793	1.342173
0.248384	1.352390
0.249976	1.360441
0.251567	1.365649
0.253159	1.369346
0.254751	1.373296
0.256342	1.377493
0.257934	1.380957
0.259526	1.385425
0.261118	1.388624
0.262710	1.388161
0.264302	1.387543
0.265894	1.387035
0.267486	1.386098
0.269078	1.384834
0.270671	1.382323
0.272263	1.377756
0.273856	1.371857
0.275448	1.364803
0.277041	1.356414
0.278633	1.346650
0.280226	1.335003
0.281819	1.322091
0.283412	1.308001
0.285004	1.292706
0.286597	1.276244
0.288190	1.258708
0.289783	1.240198
0.291377	1.221170
0.292970	1.200512
0.294563	1.177539
0.296156	1.151580
0.297750	1.119556
0.299343	1.081758
0.300936	1.035518
0.302530	0.981291
0.304124	0.924319
0.305717	0.862526
0.307311	0.794018
0.308905	0.729033
0.310498	0.666868
0.312092	0.603757
0.313686	0.541588
0.315280	0.478805
0.316874	0.407797
0.318468	0.327906
0.320062	0.254230
0.321656	0.205534
0.323250	0.186685
0.324844	0.194293
0.326439	0.225011
0.328033	0.278807
0.329627	0.366136
0.331222	0.479734
0.332816	0.590405
0.334411	0.685981
0.336005	0.770536
0.337600	0.850140
0.339194	0.924251
0.340789	0.984005
0.342384	1.034139
0.343978	1.087744
0.345573	1.140053
0.347168	1.184273
0.348763	1.224136
0.350358	1.263474
0.351952	1.302222
0.353547	1.339786
0.355142	1.375640
0.356737	1.409608
0.358332	1.441979
0.359928	1.473051
0.361523	1.503093
0.363118	1.532351
0.364713	1.561050
0.366308	1.589396
0.367903	1.617465
0.369499	1.645204
0.371094	1.672551
0.372689	1.699454
0.374285	1.725859
0.375880	1.751718
0.377476	1.776983
0.379071	1.801611
0.380667	1.825569
0.382262	1.848890
0.383858	1.871626
0.385453	1.893827
0.387049	1.915539
0.388644	1.936805
0.390240	1.957667
0.391836	1.978165
0.393431	1.998337
0.395027	2.018219
0.396623	2.037845
0.398219	2.057249
0.399814	2.076463
0.401410	2.095516
0.403006	2.114440
0.404602	2.133262
0.406198	2.152009
0.407793	2.170709
0.409389	2.189387
0.410985	2.208056
0.412581	2.226702
0.414177	2.245305
0.415773	2.263849
0.417369	2.282315
0.418965	2.300687
0.420561	2.318949
0.422157	2.337084
0.423753	2.355078
0.425349	2.372916
0.426945	2.390584
0.428541	2.408066
0.430137	2.425350
0.431733	2.442428
0.433329	2.459308
0.434925	2.475997
0.436521	2.492505
0.438117	2.508840
0.439713	2.525011
0.441310	2.541025
0.442906	2.556890
0.444502	2.572614
0.446098	2.588204
0.447694	2.603666
0.449290	2.619009
0.450886	2.634238
0.452482	2.649361
0.454079	2.664383
0.455675	2.679311
0.457271	2.694151
0.458867	2.708909
0.460463	2.723590
0.462059	2.738202
0.463655	2.752748
0.465251	2.767234
0.466848	2.781667
0.468444	2.796050
0.470040	2.810390
0.471636	2.824689
0.473232	2.838948
0.474828	2.853166
0.476424	2.867346
0.478020	2.881487
0.479616	2.895589
0.481212	2.909654
0.482809	2.923682
0.484405	2.937672
0.486001	2.951626
0.487597	2.965543
0.489193	2.979424
0.490789	2.993271
0.492385	3.007081
0.493981	3.020858
0.495577	3.034599
0.497173	3.048307
0.498769	3.061981
0.500365	3.075621
0.501960	3.089229
0.503556	3.102804
0.505152	3.116346
0.506748	3.129856
0.508344	3.143334
0.509940	3.156781
0.511536	3.170197
0.513131	3.183582
0.514727	3.196935
0.516323	3.210259
0.517919	3.223552
0.519515	3.236815
0.521110	3.250049
0.522706	3.263253
0.524302	3.276429
0.525897	3.289575
0.527493	3.302692
0.529088	3.315781
0.530684	3.328842
0.532279	3.341875
0.533875	3.354880
0.535470	3.367858
0.537066	3.380810
0.538661	3.393735
0.540257	3.406635
0.541852	3.419510
0.543447	3.432360
0.545043	3.445186
0.546638	3.457987
0.548233	3.470766
0.549829	3.483521
0.551424	3.496253
0.553019	3.508963
0.554614	3.521651
0.556209	3.534319
0.557804	3.546964
0.559399	3.559589
0.560994	3.572194
0.562589	3.584778
0.564184	3.597344
0.565779	3.609889
0.567374	3.622416
0.568969	3.634924
0.570563	3.647415
0.572158	3.659886
0.573753	3.672341
0.575347	3.684778
0.576942	3.697198
0.578536	3.709602
0.580131	3.721989
0.581725	3.734360
0.583320	3.746716
0.584914	3.759056
0.586509	3.771381
0.588103	3.783691
0.589697	3.795987
0.591291	3.808268
0.592886	3.820536
0.594480	3.832789
0.596074	3.845029
0.597668	3.857257
0.599262	3.869471
0.600856	3.881672
0.602449	3.893861
0.604043	3.906038
0.605637	3.918203
0.607231	3.930356
0.608824	3.942498
0.610418	3.954628
0.612012	3.966747
0.613605	3.978856
0.615199	3.990954
0.616792	4.003042
0.618385	4.015120
0.619979	4.027188
0.621572	4.039246
0.623165	4.051294
0.624758	4.063334
0.626351	4.075364
0.627944	4.087386
0.629537	4.099398
0.631130	4.111402
0.632723	4.123399
0.634316	4.135387
0.635908	4.147367
0.637501	4.159340
0.639093	4.171304
0.640686	4.183262
0.642278	4.195212
0.643871	4.207156
0.645463	4.219093
0.647055	4.231023
0.648648	4.242946
0.650240	4.254864
0.651832	4.266775
0.653424	4.278681
0.655016	4.290580
0.656608	4.302474
0.658199	4.314363
0.659791	4.326246
0.661383	4.338124
0.662974	4.349998
0.664566	4.361866
0.666157	4.373730
0.667748	4.385589
0.669340	4.397444
0.670931	4.409294
0.672522	4.421141
0.674113	4.432983
0.675704	4.444822
0.677295	4.456656
0.678886	4.468487
0.680477	4.480313
0.682067	4.492136
0.683658	4.503955
0.685248	4.515770
0.686839	4.527582
0.688429	4.539390
0.690020	4.551195
0.691610	4.562996
0.693200	4.574794
0.694790	4.586588
0.696380	4.598379
0.697970	4.610166
0.699560	4.621951
0.701149	4.633732
0.702739	4.645509
0.704328	4.657284
0.705918	4.669056
0.707507	4.680824
0.709096	4.692590
0.710686	4.704353
0.712275	4.716113
0.713864	4.727869
0.715453	4.739623
0.717042	4.751375
0.718630	4.763123
0.720219	4.774869
0.721807	4.786612
0.723396	4.798352
0.724984	4.810090
0.726573	4.821826
0.728161	4.833559
0.729749	4.845289
0.731337	4.857017
0.732925	4.868742
0.734513	4.880465
0.736100	4.892186
0.737688	4.903904
0.739276	4.915621
0.740863	4.927335
0.742450	4.939046
0.744038	4.950756
0.745625	4.962463
0.747212	4.974169
0.748799	4.985872
0.750385	4.997573
0.751972	5.009272
0.753559	5.020970
0.755145	5.032665
0.756732	5.044359
0.758318	5.056050
0.759904	5.067740
0.761490	5.079428
0.763076	5.091114
0.764662	5.102799
0.766248	5.114481
0.767834	5.126162
0.769419	5.137841
0.771005	5.149519
0.772590	5.161195
0.774175	5.172870
0.775760	5.184543
0.777345	5.196214
0.778930	5.207884
0.780515	5.219552
0.782100	5.231219
0.783684	5.242884
0.785269	5.254549
0.786853	5.266211
0.788437	5.277873
0.790022	5.289533
0.791606	5.301192
0.793190	5.312849
0.794773	5.324505
0.796357	5.336160
0.797940	5.347814
0.799524	5.359467
0.801107	5.371118
0.802690	5.382769
0.804273	5.394418
0.805856	5.406066
0.807439	5.417713
0.809022	5.429359
0.810604	5.441004
0.812187	5.452648
0.813769	5.464291
0.815351	5.475933
0.816933	5.487574
0.818515	5.499214
0.820097	5.510853
0.821679	5.522492
0.823261	5.534129
0.824842	5.545766
0.826423	5.557402
0.828004	5.569037
0.829586	5.580671
0.831167	5.592304
0.832747	5.603937
0.834328	5.615569
0.835908	5.627200
0.837489	5.638831
0.839069	5.650461
0.840649	5.662091
0.842229	5.673719
0.843809	5.685347
0.845389	5.696974
0.846969	5.708601
0.848548	5.720227
0.850127	5.731853
0.851707	5.743478
0.853286	5.755103
0.854865	5.766727
0.856443	5.778351
0.858022	5.789974
0.859601	5.801596
0.861179	5.813218
0.862757	5.824838
0.864335	5.836457
0.865913	5.848072
0.867491	5.859686
0.869069	5.871296
0.870646	5.882901
0.872224	5.894502
0.873801	5.906098
0.875378	5.917688
0.876955	5.929273
0.878532	5.940850
0.880108	5.952421
0.881685	5.963985
0.883261	5.975539
0.884837	5.987087
0.886413	5.998625
0.887989	6.010153
0.889565	6.021672
0.891141	6.033179
0.892716	6.044677
0.894292	6.056163
0.895867	6.067638
0.897442	6.079100
0.899017	6.090549
0.900591	6.101986
0.902166	6.113409
0.903740	6.124818
0.905314	6.136213
0.906888	6.147593
0.908462	6.158958
0.910036	6.170307
0.911610	6.181640
0.913183	6.192957
0.914756	6.204256
0.916330	6.215539
0.917903	6.226804
0.919475	6.238050
0.921048	6.249279
0.922621	6.260488
0.924193	6.271678
0.925765	6.282849
0.927337	6.293999
0.928909	6.305128
0.930480	6.316237
0.932052	6.327326
0.933623	6.338392
0.935195	6.349436
0.936766	6.360458
0.938336	6.371458
0.939907	6.382434
0.941478	6.393386
0.943048	6.404315
0.944618	6.415221
0.946188	6.426101
0.947758	6.436957
0.949328	6.447787
0.950897	6.458592
0.952466	6.469371
0.954036	6.480124
0.955604	6.490850
0.957173	6.501549
0.958742	6.512221
0.960310	6.522865
0.961879	6.533482
0.963447	6.544070
0.965015	6.554630
0.966582	6.565163
0.968150	6.575672
0.969717	6.586155
0.971285	6.596616
0.972852	6.607054
0.974418	6.617472
0.975985	6.627869
0.977552	6.638247
0.979118	6.648609
0.980684	6.658953
0.982250	6.669283
0.983816	6.679598
0.985381	6.689900
0.986947	6.700190
0.988512	6.710469
0.990077	6.720737
0.991642	6.730997
0.993206	6.741249
0.994771	6.751494
0.996335	6.761734
0.997899	6.771968
0.999463	6.782199
1.011663	6.862039
1.015086	6.884487
1.018509	6.906973
1.021931	6.929505
1.025352	6.952094
1.028773	6.974749
1.032194	6.997482
1.035614	7.020300
1.039034	7.043213
1.042454	7.066231
1.045873	7.089362
1.049292	7.112615
1.052711	7.135994
1.056129	7.159493
1.059547	7.183104
1.062964	7.206822
1.066382	7.230639
1.069799	7.254547
1.073215	7.278542
1.076632	7.302617
1.080048	7.326764
1.083464	7.350977
1.086879	7.375250
1.090295	7.399578
1.093710	7.423954
1.097125	7.448371
1.100539	7.472825
1.103954	7.497308
1.107368	7.521816
1.110782	7.546343
1.114196	7.570882
1.117609	7.595429
1.121023	7.619978
1.124436	7.644524
1.127849	7.669060
1.131262	7.693583
1.134675	7.718087
1.138088	7.742566
1.141500	7.767016
1.144913	7.791431
1.148325	7.815808
1.151738	7.840140
1.155150	7.864427
1.158562	7.888671
1.161974	7.912871
1.165386	7.937028
1.168798	7.961143
1.172210	7.985217
1.175622	8.009251
1.179034	8.033244
1.182446	8.057199
1.185858	8.081115
1.189270	8.104993
1.192682	8.128834
1.196093	8.152638
1.199505	8.176407
1.202917	8.200140
1.206329	8.223838
1.209742	8.247503
1.213154	8.271133
1.216566	8.294731
1.219978	8.318298
1.223391	8.341832
1.226803	8.365335
1.230216	8.388808
1.233629	8.412251
1.237041	8.435664
1.240454	8.459049
1.243867	8.482405
1.247281	8.505734
1.250694	8.529036
1.254108	8.552311
1.257522	8.575560
1.260936	8.598783
1.264350	8.621981
1.267764	8.645155
1.271179	8.668305
1.274594	8.691432
1.278009	8.714535
1.281424	8.737616
1.284840	8.760676
1.288255	8.783713
1.291671	8.806729
1.295088	8.829725
1.298504	8.852701
1.301921	8.875657
1.305338	8.898595
1.308756	8.921513
1.312174	8.944413
1.315592	8.967296
1.319010	8.990160
1.322429	9.013009
1.325849	9.035841
1.329268	9.058658
1.332688	9.081461
1.336108	9.104251
1.339529	9.127028
1.342950	9.149794
1.346372	9.172549
1.349794	9.195294
1.353216	9.218031
1.356639	9.240759
1.360062	9.263480
1.363486	9.286194
1.366910	9.308902
1.370334	9.331606
1.373759	9.354306
1.377185	9.377002
1.380611	9.399697
1.384038	9.422389
1.387465	9.445081
1.390892	9.467772
1.394320	9.490464
1.397749	9.513157
1.401178	9.535853
1.404608	9.558552
1.408038	9.581255
1.411469	9.603961
1.414900	9.626673
1.418332	9.649391
1.421765	9.672115
1.425198	9.694847
1.428632	9.717586
1.432067	9.740335
1.435502	9.763092
1.438938	9.785860
1.442374	9.808639
1.445811	9.831430
1.449249	9.854231